# Blender 4.1.0
# www.blender.org
mtllib campfire.mtl
o Cube.006
v 0.797839 -0.236389 -0.852635
v 0.801951 -0.429211 -0.765467
v -0.035473 0.497762 0.810680
v -0.031361 0.304940 0.897847
v 0.631017 -0.270852 -0.921000
v 0.635129 -0.463674 -0.833833
v -0.202294 0.463299 0.742314
v -0.198182 0.270477 0.829482
vn -0.0194 0.9110 -0.4118
vn -0.4167 0.3671 0.8317
vn -0.9089 -0.1878 -0.3725
vn 0.0194 -0.9110 0.4118
vn 0.9089 0.1878 0.3725
vn 0.4167 -0.3671 -0.8317
vt 0.041743 0.393124
vt 0.042151 0.301356
vt 0.692997 0.308193
vt 0.692589 0.399962
vt 0.314504 0.074205
vt 0.422316 0.289830
vt 0.330964 0.397643
vt 0.223152 0.182018
vt 0.191802 0.929557
vt 0.192784 0.823748
vt 0.860328 0.837647
vt 0.859346 0.943455
vt 0.253234 0.213380
vt 0.251275 0.121656
vt 0.918546 0.089695
vt 0.920504 0.181419
vt 0.030258 0.406007
vt 0.030933 0.273796
vt 0.844120 0.283597
vt 0.843445 0.415808
vt 0.370131 0.057701
vt 0.477943 0.273327
vt 0.386591 0.381139
vt 0.278779 0.165514
s 0
usemtl Burn_wood
f 1/1/1 5/2/1 7/3/1 3/4/1
f 4/5/2 3/6/2 7/7/2 8/8/2
f 8/9/3 7/10/3 5/11/3 6/12/3
f 6/13/4 2/14/4 4/15/4 8/16/4
f 2/17/5 1/18/5 3/19/5 4/20/5
f 6/21/6 5/22/6 1/23/6 2/24/6
o Cube.001
v 0.215749 -0.336125 -0.985892
v 0.415756 -0.401725 -0.963779
v 0.215925 0.303211 0.909167
v 0.415933 0.237611 0.931280
v 0.155712 -0.500477 -0.930439
v 0.355720 -0.566077 -0.908326
v 0.155889 0.138859 0.964620
v 0.355896 0.073259 0.986733
vn -0.9450 0.3099 -0.1045
vn 0.0001 0.3197 0.9475
vn -0.3271 -0.8954 0.3021
vn 0.9450 -0.3099 0.1045
vn 0.3271 0.8954 -0.3021
vn -0.0001 -0.3197 -0.9475
vt 0.041743 0.393124
vt 0.042151 0.301356
vt 0.692997 0.308193
vt 0.692589 0.399962
vt 0.314504 0.074205
vt 0.422316 0.289830
vt 0.330964 0.397643
vt 0.223152 0.182018
vt 0.191802 0.929557
vt 0.192784 0.823748
vt 0.860328 0.837647
vt 0.859346 0.943455
vt 0.253234 0.213380
vt 0.251275 0.121656
vt 0.918546 0.089695
vt 0.920504 0.181419
vt 0.030258 0.406007
vt 0.030933 0.273796
vt 0.844120 0.283597
vt 0.843445 0.415808
vt 0.370131 0.057701
vt 0.477943 0.273327
vt 0.386591 0.381139
vt 0.278779 0.165514
s 0
usemtl Burn_wood.001
f 9/25/7 13/26/7 15/27/7 11/28/7
f 12/29/8 11/30/8 15/31/8 16/32/8
f 16/33/9 15/34/9 13/35/9 14/36/9
f 14/37/10 10/38/10 12/39/10 16/40/10
f 10/41/11 9/42/11 11/43/11 12/44/11
f 14/45/12 13/46/12 9/47/12 10/48/12
o Cube.002
v 1.136343 -0.236389 0.317146
v 1.051586 -0.429211 0.337913
v -0.655995 0.497762 -0.181396
v -0.740753 0.304940 -0.160629
v 1.171416 -0.270852 0.140304
v 1.086659 -0.463674 0.161071
v -0.620922 0.463299 -0.358239
v -0.705680 0.270477 -0.337471
vn 0.4005 0.9110 -0.0981
vn -0.8962 0.3671 -0.2493
vn 0.1911 -0.1878 -0.9635
vn -0.4005 -0.9110 0.0981
vn -0.1911 0.1878 0.9635
vn 0.8962 -0.3671 0.2493
vt 0.041743 0.393124
vt 0.042151 0.301356
vt 0.692997 0.308193
vt 0.692589 0.399962
vt 0.314504 0.074205
vt 0.422316 0.289830
vt 0.330964 0.397643
vt 0.223152 0.182018
vt 0.191802 0.929557
vt 0.192784 0.823748
vt 0.860328 0.837647
vt 0.859346 0.943455
vt 0.253234 0.213380
vt 0.251275 0.121656
vt 0.918546 0.089695
vt 0.920504 0.181419
vt 0.030258 0.406007
vt 0.030933 0.273796
vt 0.844120 0.283597
vt 0.843445 0.415808
vt 0.370131 0.057701
vt 0.477943 0.273327
vt 0.386591 0.381139
vt 0.278779 0.165514
s 0
usemtl Burn_wood.002
f 17/49/13 21/50/13 23/51/13 19/52/13
f 20/53/14 19/54/14 23/55/14 24/56/14
f 24/57/15 23/58/15 21/59/15 22/60/15
f 22/61/16 18/62/16 20/63/16 24/64/16
f 18/65/17 17/66/17 19/67/17 20/68/17
f 22/69/18 21/70/18 17/71/18 18/72/18
o Cube.003
v 0.588884 0.147446 -0.814397
v 0.552653 -0.058852 -0.844790
v -0.387901 0.062177 0.928767
v -0.424133 -0.144121 0.898374
v 0.431825 0.187706 -0.900435
v 0.395594 -0.018592 -0.930829
v -0.544960 0.102437 0.842728
v -0.581191 -0.103861 0.812335
vn 0.1712 0.9747 0.1436
vn -0.4884 -0.0426 0.8716
vn -0.8557 0.2193 -0.4687
vn -0.1712 -0.9747 -0.1436
vn 0.8557 -0.2193 0.4687
vn 0.4884 0.0426 -0.8716
vt 0.041743 0.393124
vt 0.042151 0.301356
vt 0.692997 0.308193
vt 0.692589 0.399962
vt 0.314504 0.074205
vt 0.422316 0.289830
vt 0.330964 0.397643
vt 0.223152 0.182018
vt 0.191802 0.929557
vt 0.192784 0.823748
vt 0.860328 0.837647
vt 0.859346 0.943455
vt 0.253234 0.213380
vt 0.251275 0.121656
vt 0.918546 0.089695
vt 0.920504 0.181419
vt 0.030258 0.406007
vt 0.030933 0.273796
vt 0.844120 0.283597
vt 0.843445 0.415808
vt 0.370131 0.057701
vt 0.477943 0.273327
vt 0.386591 0.381139
vt 0.278779 0.165514
s 0
usemtl Burn_wood.003
f 25/73/19 29/74/19 31/75/19 27/76/19
f 28/77/20 27/78/20 31/79/20 32/80/20
f 32/81/21 31/82/21 29/83/21 30/84/21
f 30/85/22 26/86/22 28/87/22 32/88/22
f 26/89/23 25/90/23 27/91/23 28/92/23
f 30/93/24 29/94/24 25/95/24 26/96/24
o Cube.004
v -0.660982 0.181229 -0.847556
v -0.476323 0.261841 -0.912349
v 0.111248 -0.125493 0.971670
v 0.295907 -0.044881 0.906877
v -0.606008 0.013863 -0.899109
v -0.421349 0.094476 -0.963902
v 0.166221 -0.292858 0.920117
v 0.350880 -0.212246 0.855324
vn -0.8725 -0.3809 0.3061
vn 0.3861 -0.1534 0.9096
vn 0.2995 -0.9118 -0.2809
vn 0.8725 0.3809 -0.3061
vn -0.2995 0.9118 0.2809
vn -0.3861 0.1534 -0.9096
vt 0.041743 0.393124
vt 0.042151 0.301356
vt 0.692997 0.308193
vt 0.692589 0.399962
vt 0.314504 0.074205
vt 0.422316 0.289830
vt 0.330964 0.397643
vt 0.223152 0.182018
vt 0.191802 0.929557
vt 0.192784 0.823748
vt 0.860328 0.837647
vt 0.859346 0.943455
vt 0.253234 0.213380
vt 0.251275 0.121656
vt 0.918546 0.089695
vt 0.920504 0.181419
vt 0.030258 0.406007
vt 0.030933 0.273796
vt 0.844120 0.283597
vt 0.843445 0.415808
vt 0.370131 0.057701
vt 0.477943 0.273327
vt 0.386591 0.381139
vt 0.278779 0.165514
s 0
usemtl Burn_wood.004
f 33/97/25 37/98/25 39/99/25 35/100/25
f 36/101/26 35/102/26 39/103/26 40/104/26
f 40/105/27 39/106/27 37/107/27 38/108/27
f 38/109/28 34/110/28 36/111/28 40/112/28
f 34/113/29 33/114/29 35/115/29 36/116/29
f 38/117/30 37/118/30 33/119/30 34/120/30
o Cube.005
v 0.713533 0.247359 -0.377808
v 0.721768 0.040681 -0.422660
v -1.023957 -0.028327 0.573573
v -1.015723 -0.235005 0.528721
v 0.622909 0.277754 -0.534506
v 0.631143 0.071075 -0.579358
v -1.114581 0.002068 0.416875
v -1.106347 -0.204610 0.372023
vn -0.0389 0.9765 0.2119
vn -0.8687 -0.1378 0.4757
vn -0.4937 0.1656 -0.8537
vn 0.0389 -0.9765 -0.2119
vn 0.4937 -0.1656 0.8537
vn 0.8687 0.1378 -0.4757
vt 0.041743 0.393124
vt 0.042151 0.301356
vt 0.692997 0.308193
vt 0.692589 0.399962
vt 0.314504 0.074205
vt 0.422316 0.289830
vt 0.330964 0.397643
vt 0.223152 0.182018
vt 0.191802 0.929557
vt 0.192784 0.823748
vt 0.860328 0.837647
vt 0.859346 0.943455
vt 0.253234 0.213380
vt 0.251275 0.121656
vt 0.918546 0.089695
vt 0.920504 0.181419
vt 0.030258 0.406007
vt 0.030933 0.273796
vt 0.844120 0.283597
vt 0.843445 0.415808
vt 0.370131 0.057701
vt 0.477943 0.273327
vt 0.386591 0.381139
vt 0.278779 0.165514
s 0
usemtl Burn_wood.005
f 41/121/31 45/122/31 47/123/31 43/124/31
f 44/125/32 43/126/32 47/127/32 48/128/32
f 48/129/33 47/130/33 45/131/33 46/132/33
f 46/133/34 42/134/34 44/135/34 48/136/34
f 42/137/35 41/138/35 43/139/35 44/140/35
f 46/141/36 45/142/36 41/143/36 42/144/36
o Cube.007
v 0.641218 0.150434 0.885179
v 0.565015 -0.042361 0.927827
v -0.331551 0.148369 -0.862309
v -0.407754 -0.044425 -0.819662
v 0.787345 0.074702 0.803924
v 0.711143 -0.118093 0.846572
v -0.185424 0.072637 -0.943564
v -0.261627 -0.120157 -0.900917
vn 0.3600 0.9109 -0.2015
vn -0.4864 -0.0010 -0.8737
vn 0.7961 -0.4126 -0.4427
vn -0.3600 -0.9109 0.2015
vn -0.7961 0.4126 0.4427
vn 0.4864 0.0010 0.8737
vt 0.041743 0.393124
vt 0.042151 0.301356
vt 0.692997 0.308193
vt 0.692589 0.399962
vt 0.314504 0.074205
vt 0.422316 0.289830
vt 0.330964 0.397643
vt 0.223152 0.182018
vt 0.191802 0.929557
vt 0.192784 0.823748
vt 0.860328 0.837647
vt 0.859346 0.943455
vt 0.253234 0.213380
vt 0.251275 0.121656
vt 0.918546 0.089695
vt 0.920504 0.181419
vt 0.030258 0.406007
vt 0.030933 0.273796
vt 0.844120 0.283597
vt 0.843445 0.415808
vt 0.370131 0.057701
vt 0.477943 0.273327
vt 0.386591 0.381139
vt 0.278779 0.165514
s 0
usemtl Burn_wood.006
f 49/145/37 53/146/37 55/147/37 51/148/37
f 52/149/38 51/150/38 55/151/38 56/152/38
f 56/153/39 55/154/39 53/155/39 54/156/39
f 54/157/40 50/158/40 52/159/40 56/160/40
f 50/161/41 49/162/41 51/163/41 52/164/41
f 54/165/42 53/166/42 49/167/42 50/168/42
